0.250000 0.000000 -0.468893 -0.000000 0.263941 0.000000 0.066793 -0.000000 -0.246425 0.000000 0.166820 -0.000000 0.051373 0.000000 -0.189939 -0.000000 0.132957 0.000000 0.043526 -0.000000 -0.161527 0.000000 0.114774 -0.000000 0.038733 0.000000 
-0.000000 0.000000 0.000000 -0.000000 -0.000000 0.000000 0.000000 -0.000000 -0.000000 0.000000 0.000000 -0.000000 -0.000000 0.000000 -0.000000 -0.000000 0.000000 0.000000 -0.000000 -0.000000 0.000000 0.000000 -0.000000 -0.000000 0.000000 
-0.468893 -0.000000 0.879444 0.000000 -0.495041 -0.000000 -0.125275 0.000000 0.462189 -0.000000 -0.312884 0.000000 -0.096353 -0.000000 0.356244 0.000000 -0.249371 -0.000000 -0.081636 0.000000 0.302956 -0.000000 -0.215267 0.000000 
0.000000 -0.000000 -0.000000 -0.000000 0.000000 0.000000 -0.000000 -0.000000 0.000000 -0.000000 -0.000000 0.000000 0.000000 -0.000000 0.000000 0.000000 -0.000000 -0.000000 0.000000 0.000000 -0.000000 -0.000000 0.000000 
0.263941 0.000000 -0.495041 -0.000000 0.278660 0.000000 0.070518 -0.000000 -0.260167 0.000000 0.176123 -0.000000 0.054237 0.000000 -0.200531 -0.000000 0.140371 0.000000 0.045953 -0.000000 -0.170535 0.000000 
-0.000000 -0.000000 0.000000 0.000000 -0.000000 -0.000000 0.000000 0.000000 -0.000000 -0.000000 0.000000 0.000000 -0.000000 0.000000 -0.000000 -0.000000 0.000000 0.000000 -0.000000 -0.000000 0.000000 
0.066793 -0.000000 -0.125275 0.000000 0.070518 -0.000000 0.017845 0.000000 -0.065838 -0.000000 0.044570 0.000000 0.013725 -0.000000 -0.050746 0.000000 0.035522 -0.000000 0.011629 0.000000 
0.000000 0.000000 -0.000000 -0.000000 0.000000 0.000000 -0.000000 -0.000000 0.000000 0.000000 -0.000000 -0.000000 0.000000 0.000000 -0.000000 -0.000000 -0.000000 0.000000 0.000000 
-0.246425 0.000000 0.462189 -0.000000 -0.260167 0.000000 -0.065838 -0.000000 0.242902 0.000000 -0.164435 -0.000000 -0.050638 0.000000 0.187223 -0.000000 -0.131056 0.000000 
-0.000000 -0.000000 0.000000 0.000000 -0.000000 -0.000000 0.000000 0.000000 -0.000000 -0.000000 0.000000 0.000000 -0.000000 -0.000000 0.000000 0.000000 0.000000 
0.166820 -0.000000 -0.312884 0.000000 0.176123 -0.000000 0.044570 0.000000 -0.164435 -0.000000 0.111316 0.000000 0.034280 -0.000000 -0.126742 0.000000 
0.000000 0.000000 -0.000000 -0.000000 0.000000 0.000000 -0.000000 -0.000000 0.000000 0.000000 -0.000000 -0.000000 0.000000 0.000000 -0.000000 
0.051373 0.000000 -0.096353 -0.000000 0.054237 0.000000 0.013725 -0.000000 -0.050638 0.000000 0.034280 -0.000000 0.010557 0.000000 
-0.000000 -0.000000 0.000000 0.000000 -0.000000 -0.000000 0.000000 0.000000 -0.000000 -0.000000 0.000000 0.000000 -0.000000 
-0.189939 -0.000000 0.356244 0.000000 -0.200531 -0.000000 -0.050746 0.000000 0.187223 -0.000000 -0.126742 0.000000 
0.000000 0.000000 -0.000000 -0.000000 0.000000 0.000000 -0.000000 -0.000000 0.000000 -0.000000 -0.000000 
0.132957 0.000000 -0.249371 -0.000000 0.140371 0.000000 0.035522 -0.000000 -0.131056 0.000000 
-0.000000 0.000000 0.000000 -0.000000 -0.000000 0.000000 0.000000 -0.000000 -0.000000 
0.043526 -0.000000 -0.081636 0.000000 0.045953 -0.000000 0.011629 0.000000 
0.000000 -0.000000 -0.000000 0.000000 0.000000 -0.000000 -0.000000 
-0.161527 0.000000 0.302956 -0.000000 -0.170535 0.000000 
0.000000 0.000000 -0.000000 -0.000000 -0.000000 
0.114774 -0.000000 -0.215267 0.000000 
-0.000000 -0.000000 0.000000 
0.038733 0.000000 
0.000000 
