0.250000 0.000000 -0.044024 -0.000660 -0.314201 0.000033 -0.110877 0.001106 0.194171 0.000371 0.155259 -0.000469 -0.063471 -0.000108 -0.092481 -0.000810 0.004260 -0.001470 0.009805 0.001128 -0.032879 0.003422 0.021142 0.000293 0.089633 -0.003894 
0.000000 -0.000322 -0.000692 -0.000461 0.000545 0.000905 0.001655 0.001290 -0.002923 -0.001256 0.002683 -0.001558 -0.003518 0.001257 0.004357 0.000617 -0.000198 -0.000746 -0.007831 0.001457 0.009052 -0.000251 -0.001704 -0.003815 -0.000962 
-0.072214 0.001014 -0.612672 0.000501 0.809853 -0.001662 0.445642 0.000189 -0.453571 -0.000785 -0.426169 -0.002784 0.121061 0.002944 0.253705 0.005486 -0.024352 -0.001727 -0.006851 -0.005273 0.078561 -0.000776 -0.059964 -0.000129 
-0.002532 0.001027 0.006713 0.000985 -0.005103 -0.002429 -0.001533 -0.003109 0.002709 0.002895 0.002838 0.003978 -0.004981 -0.002164 -0.001036 -0.002231 0.005449 0.000499 0.000728 -0.002218 -0.003355 0.001453 -0.006225 
-0.338813 -0.002891 0.908519 0.001894 -0.179131 0.002138 -1.093013 -0.002334 0.340124 0.001858 0.724418 0.005851 -0.075247 -0.006922 -0.332405 -0.009458 -0.023480 0.009135 0.043208 0.008156 -0.140596 -0.007930 
0.000575 -0.001426 -0.001853 -0.000791 -0.001334 0.002855 0.007356 0.003060 -0.005155 -0.002607 -0.005972 -0.004449 0.016528 0.000815 -0.012018 0.003576 -0.008317 0.001422 0.017407 0.000059 -0.007702 
-0.042661 0.002357 0.307541 -0.001704 -1.075443 0.000958 1.085033 -0.001906 0.448274 -0.004632 -0.933962 0.002567 -0.196281 0.006234 0.382919 0.001209 0.122713 -0.005971 -0.085553 -0.003153 
0.006637 0.000991 -0.012283 0.000272 0.009751 -0.001924 -0.005824 -0.001387 0.004327 0.001733 -0.006892 0.002233 0.000714 -0.000806 0.008579 -0.001799 0.001726 -0.000309 -0.009535 
0.261784 0.001306 -0.635720 -0.004131 0.583218 -0.001870 0.330611 0.008685 -1.235897 0.004837 0.437262 -0.014156 0.736821 -0.001830 -0.355688 0.013440 -0.188706 -0.005958 
-0.002330 -0.000246 0.000007 0.000664 0.010556 0.000753 -0.020723 -0.001856 0.016900 -0.002073 0.006431 0.003477 -0.017963 0.003697 0.003531 -0.005183 0.002128 
0.100012 -0.002941 -0.310213 0.007157 0.686071 -0.000469 -1.074636 -0.009810 0.581375 0.001115 0.660387 0.011682 -0.840123 -0.002101 -0.094210 -0.013292 
-0.004969 0.000341 0.013641 -0.002723 -0.015878 -0.000550 0.013697 0.007506 -0.010385 0.002242 -0.000917 -0.012120 0.008238 -0.004776 0.001440 
-0.148825 0.000123 0.320978 -0.001195 -0.343178 0.001152 0.048955 0.002655 0.703219 -0.005433 -0.936346 0.001602 0.017301 0.003414 
0.000083 -0.001290 -0.000427 0.005134 -0.009322 0.000921 0.027202 -0.012991 -0.026813 -0.000257 0.007834 0.018530 0.005743 
-0.082003 0.000872 0.247559 -0.003801 -0.355756 0.001358 0.513079 0.005058 -0.613375 0.000582 0.054577 -0.007177 
0.003905 0.001787 -0.003534 -0.005301 0.002814 -0.000798 -0.014818 0.012274 0.016450 -0.002113 0.003431 
0.051538 0.003989 -0.131201 -0.000219 0.075159 -0.006904 0.026316 -0.001816 -0.131017 0.006295 
-0.002096 -0.001358 0.000190 0.002145 0.009928 0.000920 -0.015135 -0.004008 0.014539 
0.020777 -0.007884 -0.032128 0.004757 0.093606 0.011442 -0.147906 -0.006100 
-0.001507 0.001268 -0.005584 0.001553 0.010071 -0.002631 0.000727 
-0.016123 0.003644 0.011247 -0.001133 -0.031796 -0.006403 
0.008655 -0.001914 -0.003871 -0.002777 -0.006681 
0.053767 0.004425 -0.114807 -0.005307 
-0.003290 0.000927 0.001880 
0.018929 -0.006228 
-0.010396 
