0.250000 0.000000 -0.398835 -0.000000 0.083612 0.000000 0.199479 -0.000000 -0.151162 0.000000 -0.083523 -0.000000 0.166270 0.000000 -0.012952 -0.000000 -0.138776 0.000000 0.083566 -0.000000 0.081703 -0.000000 -0.119432 0.000000 -0.012226 -0.000000 
-0.000000 -0.000000 0.000000 -0.000000 -0.000000 0.000000 0.000000 -0.000000 -0.000000 0.000000 0.000000 -0.000000 -0.000000 0.000000 0.000000 -0.000000 -0.000000 0.000000 0.000000 -0.000000 -0.000000 0.000000 0.000000 -0.000000 -0.000000 
-0.517241 -0.000000 0.825176 0.000000 -0.172990 -0.000000 -0.412715 0.000000 0.312749 -0.000000 0.172806 0.000000 -0.344006 -0.000000 0.026798 0.000000 0.287122 -0.000000 -0.172895 0.000000 -0.169040 0.000000 0.247100 -0.000000 
0.000000 -0.000000 -0.000000 0.000000 0.000000 -0.000000 -0.000000 0.000000 0.000000 -0.000000 -0.000000 0.000000 0.000000 -0.000000 -0.000000 0.000000 0.000000 -0.000000 -0.000000 0.000000 0.000000 -0.000000 -0.000000 
0.417267 0.000000 -0.665684 -0.000000 0.139554 0.000000 0.332945 -0.000000 -0.252300 0.000000 -0.139406 -0.000000 0.277516 0.000000 -0.021618 -0.000000 -0.231626 0.000000 0.139477 -0.000000 0.136367 -0.000000 
0.000000 0.000000 -0.000000 -0.000000 0.000000 0.000000 0.000000 -0.000000 -0.000000 0.000000 0.000000 -0.000000 -0.000000 0.000000 0.000000 -0.000000 -0.000000 0.000000 0.000000 -0.000000 -0.000000 
-0.135481 -0.000000 0.216139 0.000000 -0.045311 -0.000000 -0.108103 0.000000 0.081919 -0.000000 0.045263 0.000000 -0.090106 -0.000000 0.007019 0.000000 0.075206 -0.000000 -0.045287 -0.000000 
-0.000000 -0.000000 0.000000 0.000000 -0.000000 -0.000000 -0.000000 0.000000 0.000000 -0.000000 -0.000000 0.000000 0.000000 -0.000000 -0.000000 0.000000 0.000000 -0.000000 -0.000000 
-0.146278 0.000000 0.233363 -0.000000 -0.048922 0.000000 -0.116718 -0.000000 0.088447 0.000000 0.048870 -0.000000 -0.097286 0.000000 0.007578 -0.000000 0.081199 0.000000 
0.000000 0.000000 -0.000000 -0.000000 0.000000 0.000000 0.000000 -0.000000 -0.000000 0.000000 0.000000 -0.000000 -0.000000 0.000000 0.000000 -0.000000 -0.000000 
0.277326 -0.000000 -0.442430 0.000000 0.092751 -0.000000 0.221283 0.000000 -0.167684 -0.000000 -0.092653 0.000000 0.184444 -0.000000 -0.014368 0.000000 
-0.000000 0.000000 0.000000 -0.000000 -0.000000 0.000000 -0.000000 -0.000000 0.000000 -0.000000 -0.000000 0.000000 0.000000 -0.000000 -0.000000 
-0.211167 0.000000 0.336883 -0.000000 -0.070624 0.000000 -0.168493 -0.000000 0.127681 0.000000 0.070549 -0.000000 -0.140442 0.000000 
0.000000 -0.000000 0.000000 0.000000 -0.000000 -0.000000 0.000000 0.000000 -0.000000 0.000000 0.000000 -0.000000 -0.000000 
0.019964 -0.000000 -0.031850 0.000000 0.006677 -0.000000 0.015930 0.000000 -0.012071 -0.000000 -0.006670 0.000000 
0.000000 0.000000 -0.000000 -0.000000 0.000000 0.000000 -0.000000 -0.000000 0.000000 -0.000000 -0.000000 
0.159925 0.000000 -0.255134 -0.000000 0.053486 0.000000 0.127606 -0.000000 -0.096698 0.000000 
-0.000000 -0.000000 0.000000 0.000000 -0.000000 -0.000000 0.000000 0.000000 -0.000000 
-0.215744 -0.000000 0.344185 0.000000 -0.072155 -0.000000 -0.172145 0.000000 
0.000000 0.000000 -0.000000 -0.000000 0.000000 0.000000 -0.000000 
0.124601 0.000000 -0.198781 -0.000000 0.041672 0.000000 
-0.000000 -0.000000 0.000000 0.000000 -0.000000 
0.040750 -0.000000 -0.065011 0.000000 
0.000000 0.000000 -0.000000 
-0.166086 0.000000 
-0.000000 
