0.125000 -0.000000 -0.293989 0.000124 0.343842 -0.000602 -0.329643 0.001545 0.276193 -0.002821 -0.208580 0.004081 0.148655 -0.004907 -0.109846 0.005003 0.094690 -0.004342 -0.096231 0.003183 0.102492 -0.001940 -0.102051 0.000985 0.088469 -0.000473 
0.000000 0.000089 -0.000823 -0.000342 0.003399 0.000773 -0.007488 -0.001436 0.012139 0.002370 -0.016117 -0.003570 0.018406 0.004975 -0.018621 -0.006460 0.017186 0.007853 -0.015203 -0.008955 0.014059 0.009580 -0.014914 -0.009588 0.018247 
-0.194839 -0.000107 0.448832 0.000112 -0.497211 0.000535 0.428816 -0.002047 -0.293410 0.004097 0.144172 -0.005897 -0.026540 0.006562 -0.034100 -0.005566 0.037515 0.003060 -0.004421 0.000152 -0.034795 -0.002962 0.053443 0.004469 
-0.001373 0.000265 0.006224 -0.000802 -0.016004 0.001164 0.030026 -0.000999 -0.044416 0.000054 0.054173 0.001765 -0.055189 -0.004351 0.045922 0.007394 -0.028179 -0.010432 0.006712 0.012930 0.012238 -0.014394 -0.022962 
0.066077 -0.000004 -0.132263 0.000233 0.087284 -0.001037 0.030146 0.002413 -0.176667 -0.003794 0.302403 0.004216 -0.368349 -0.002793 0.360210 -0.000740 -0.292118 0.005728 0.198981 -0.010745 -0.121064 0.014156 
0.000497 -0.001127 -0.007209 0.003707 0.025838 -0.006494 -0.053404 0.008697 0.080645 -0.009762 -0.095809 0.009439 0.089109 -0.007830 -0.056578 0.005363 0.002044 -0.002684 0.063493 0.000504 -0.124902 
0.010259 0.000749 -0.044183 -0.002696 0.107704 0.005386 -0.190208 -0.008286 0.258733 0.010416 -0.277809 -0.010590 0.227457 0.007970 -0.114452 -0.002619 -0.027981 -0.004278 0.152086 0.010739 
0.013598 0.001110 -0.022705 -0.003613 -0.000164 0.006202 0.044018 -0.008052 -0.091522 0.008648 0.121249 -0.007873 -0.114949 0.006034 0.064316 -0.003778 0.025301 0.001920 -0.135582 
-0.014427 -0.001367 0.041168 0.004775 -0.064024 -0.009188 0.071499 0.013718 -0.038035 -0.017114 -0.057007 0.018034 0.214282 -0.015643 -0.407226 0.010182 0.586769 -0.003116 
-0.037817 0.000060 0.076785 -0.000410 -0.054627 0.001433 -0.005880 -0.003471 0.078607 0.006601 -0.131800 -0.010512 0.137930 0.014514 -0.083365 -0.017671 -0.026074 
0.053690 0.000788 -0.131975 -0.002874 0.165031 0.005850 -0.157340 -0.009214 0.090956 0.011968 0.045059 -0.012905 -0.240186 0.011230 0.457334 -0.007165 
0.044483 -0.000780 -0.089395 0.002829 0.060321 -0.005847 0.016024 0.009773 -0.108279 -0.014378 0.178006 0.019150 -0.191568 -0.023312 0.131824 
-0.089207 0.000714 0.222405 -0.002089 -0.291975 0.002923 0.318386 -0.002753 -0.286098 0.001926 0.183846 -0.001344 -0.020466 0.001821 
-0.018635 0.000263 0.025702 -0.000952 0.022700 0.001962 -0.110253 -0.003272 0.207114 0.004800 -0.275329 -0.006359 0.281711 
0.023822 -0.001912 -0.069048 0.005987 0.115048 -0.009633 -0.156786 0.011536 0.169755 -0.011541 -0.132031 0.010443 
-0.007680 0.000323 0.035313 -0.001180 -0.091501 0.002458 0.171928 -0.004097 -0.253472 0.005918 0.305760 
0.075920 0.002134 -0.168535 -0.006629 0.170432 0.010477 -0.126117 -0.012115 0.071728 0.011352 
-0.001641 -0.000069 -0.006094 0.000438 0.035849 -0.001445 -0.081783 0.003300 0.128578 
-0.087637 -0.001549 0.193081 0.004627 -0.189183 -0.006709 0.123436 0.006541 
0.024918 -0.000494 -0.057990 0.001387 0.066681 -0.001670 -0.064092 
0.034103 0.000622 -0.063953 -0.001528 0.028503 0.001120 
-0.016194 0.000830 0.041493 -0.002522 -0.059315 
0.000625 -0.000006 -0.013641 -0.000477 
-0.016790 -0.000987 0.038272 
-0.015152 0.000235 
0.028688 
