0.125000 -0.000000 -0.243993 -0.000304 0.160156 0.001207 0.002875 -0.002207 -0.122508 0.002280 0.124412 -0.000971 -0.023272 -0.000851 -0.100403 0.001529 0.166362 -0.000108 -0.150365 -0.002606 0.089642 0.004590 -0.041415 -0.004400 0.034016 0.002580 
-0.000000 -0.000692 0.032518 0.001687 -0.113129 -0.001464 0.183519 0.000035 -0.174451 0.001282 0.070780 -0.001210 0.068070 -0.000184 -0.150235 0.001519 0.122583 -0.001430 -0.012973 -0.000190 -0.090771 0.002305 0.108081 -0.004081 -0.025397 
-0.090652 -0.000364 0.145763 0.001243 -0.001203 -0.002028 -0.211011 0.001715 0.339621 0.000505 -0.295496 -0.004061 0.105588 0.006723 0.117458 -0.006043 -0.261002 0.001623 0.284546 0.003912 -0.227488 -0.006545 0.157718 0.004129 
0.073949 0.001367 -0.229323 -0.003079 0.385392 0.001803 -0.452097 0.002265 0.316506 -0.005936 0.004118 0.006275 -0.336022 -0.003576 0.463466 0.000979 -0.294998 -0.001078 -0.055365 0.003083 0.343337 -0.003730 -0.371103 
-0.105804 0.001557 0.242373 -0.003881 -0.274093 0.003343 0.270253 0.000949 -0.266562 -0.006850 0.264622 0.010757 -0.230981 -0.010193 0.128147 0.005457 0.043876 0.000738 -0.230628 -0.005133 0.348590 0.005842 
-0.089011 -0.000737 0.221027 0.001165 -0.259771 0.001170 0.168831 -0.005880 0.078296 0.010213 -0.395123 -0.011929 0.596619 0.011640 -0.518920 -0.011920 0.154697 0.013902 0.311396 -0.015030 -0.610643 
0.051207 -0.002788 -0.074681 0.007077 -0.008207 -0.006957 0.072788 0.001845 -0.009357 0.004012 -0.175897 -0.005732 0.344893 0.002359 -0.332942 0.002515 0.092036 -0.004497 0.250838 0.002701 
-0.090066 -0.000079 0.229442 0.000464 -0.320590 -0.001368 0.394461 0.002741 -0.433053 -0.004366 0.399861 0.006249 -0.263410 -0.008744 0.027864 0.012045 0.249241 -0.015442 -0.471185 
0.031934 0.002357 -0.102427 -0.006060 0.168329 0.006459 -0.166517 -0.003667 0.044077 0.001555 0.149874 -0.003376 -0.273836 0.007871 0.203331 -0.009987 0.050702 0.005822 
0.128551 0.000335 -0.287611 -0.000320 0.280516 -0.001320 -0.143365 0.003943 -0.086169 -0.005480 0.320540 0.004644 -0.452754 -0.002571 0.422949 0.001878 -0.266875 
-0.030457 -0.000269 0.081907 0.000330 -0.115333 0.000623 0.118765 -0.001731 -0.079876 0.000979 0.020161 0.002758 0.013975 -0.008157 0.007651 0.012115 
0.038916 -0.000859 -0.127965 0.001893 0.260463 -0.001217 -0.440661 -0.000350 0.603786 0.000327 -0.644147 0.002225 0.480438 -0.004669 -0.134539 
0.080379 -0.001000 -0.193990 0.003013 0.238431 -0.004671 -0.237103 0.005724 0.182675 -0.006527 -0.068258 0.006997 -0.095330 -0.005935 
-0.052897 0.001320 0.132927 -0.003873 -0.180215 0.005867 0.209011 -0.007502 -0.199219 0.009989 0.120539 -0.013460 0.035326 
-0.059511 -0.000408 0.133063 0.001686 -0.129861 -0.003414 0.060409 0.003870 0.082078 -0.000871 -0.290915 -0.005787 
-0.008653 -0.000630 0.033500 0.001939 -0.071031 -0.003033 0.103746 0.003447 -0.102796 -0.002971 0.052460 
-0.047414 0.002397 0.112077 -0.007750 -0.139919 0.012898 0.171472 -0.015368 -0.236353 0.013710 
-0.073175 0.000284 0.164383 -0.000449 -0.179169 -0.000766 0.176843 0.004106 -0.203054 
0.051265 -0.001122 -0.094472 0.003196 0.043377 -0.004261 0.045157 0.003817 
0.076049 -0.002471 -0.173779 0.006390 0.192587 -0.006223 -0.177756 
-0.034757 -0.002958 0.053411 0.009272 0.009428 -0.014837 
0.060800 0.005617 -0.140913 -0.015554 0.160255 
0.069125 0.005352 -0.157006 -0.014873 
-0.086106 -0.005877 0.180155 
-0.000428 -0.003772 
0.019407 
