0.250000 -0.000000 -0.453152 0.002620 0.239443 -0.009465 0.031319 0.014923 -0.112199 -0.012180 0.025740 0.002246 0.040671 0.007161 0.006323 -0.010895 -0.076156 0.010087 0.048622 -0.005998 0.060337 -0.004429 -0.130858 0.022486 0.098951 -0.040016 
0.000000 0.000533 0.000305 -0.001031 -0.001014 -0.000102 0.001368 0.002864 -0.000407 -0.005636 -0.001859 0.006536 0.003761 -0.004999 -0.002966 0.002178 -0.001170 0.000156 0.006237 -0.001074 -0.008301 0.000961 0.005393 -0.000696 0.000471 
-0.430733 0.001734 0.741468 -0.010578 -0.296108 0.026774 -0.190050 -0.036909 0.243906 0.027221 0.023532 -0.002192 -0.178268 -0.019865 0.038489 0.027970 0.154663 -0.025460 -0.112021 0.014952 -0.126527 0.011238 0.280339 -0.055882 
-0.002796 -0.001839 0.004614 0.003577 -0.000959 0.000273 -0.002954 -0.009683 0.001807 0.019117 0.005154 -0.022167 -0.011740 0.016961 0.009270 -0.007443 0.004648 -0.000399 -0.021558 0.003501 0.028004 -0.003219 -0.017587 
0.158965 -0.006190 -0.169377 0.022770 -0.195934 -0.041449 0.415219 0.046578 -0.194536 -0.028166 -0.216148 -0.003667 0.354204 0.028208 -0.114176 -0.036279 -0.160405 0.033343 0.134761 -0.020637 0.123681 -0.013044 
0.010837 0.003489 -0.019515 -0.006817 0.009238 -0.000349 0.003988 0.017901 -0.005391 -0.035422 -0.007558 0.041010 0.021129 -0.031360 -0.016921 0.013919 -0.009532 0.000320 0.041094 -0.005980 -0.052064 
0.171581 0.011013 -0.456328 -0.034006 0.578242 0.050388 -0.411311 -0.046645 -0.019689 0.022249 0.386774 0.007780 -0.375653 -0.027292 0.050089 0.034333 0.211514 -0.035595 -0.145430 0.027294 
-0.019966 -0.005200 0.035180 0.010184 -0.014772 0.000345 -0.010164 -0.026086 0.012356 0.051573 0.011111 -0.059489 -0.034784 0.045413 0.028082 -0.020491 0.014050 0.000470 -0.062481 
-0.271490 -0.013928 0.557566 0.039118 -0.420264 -0.049989 0.051410 0.038582 0.295724 -0.014785 -0.371827 -0.005155 0.134920 0.015235 0.188275 -0.023067 -0.301255 0.034338 
0.024121 0.006709 -0.039328 -0.013152 0.008118 -0.000273 0.024395 0.032942 -0.020281 -0.064943 -0.019609 0.074541 0.054625 -0.056843 -0.042405 0.026371 -0.018911 
0.149758 0.015029 -0.211485 -0.039545 -0.072835 0.044754 0.386548 -0.028766 -0.432778 0.009392 0.160205 -0.001132 0.209945 -0.000840 -0.394932 0.011894 
-0.023179 -0.007829 0.033414 0.015395 0.005294 -0.000042 -0.038494 -0.037220 0.022730 0.073309 0.033726 -0.083787 -0.075507 0.064074 0.052774 
-0.019604 -0.016057 -0.086118 0.040764 0.362585 -0.042697 -0.508218 0.023451 0.310138 -0.005650 0.100893 0.002876 -0.384516 -0.004316 
0.022228 0.008445 -0.029842 -0.016748 -0.010797 0.000834 0.040603 0.037934 -0.015400 -0.075086 -0.049185 0.085647 0.088482 
0.016182 0.018047 0.053306 -0.045471 -0.220635 0.046372 0.248630 -0.022410 -0.030924 -0.000367 -0.239582 0.005140 
-0.023376 -0.008461 0.033113 0.017018 0.004805 -0.002089 -0.030598 -0.034675 0.002289 0.069475 0.060277 
-0.072113 -0.020298 0.123172 0.051057 -0.073202 -0.050821 0.076289 0.019637 -0.163953 0.012366 
0.022278 0.007767 -0.032581 -0.015916 -0.000631 0.003479 0.021540 0.027614 0.007430 
0.056807 0.021559 -0.126867 -0.053581 0.144565 0.050216 -0.153596 -0.010499 
-0.014503 -0.006304 0.017669 0.013243 0.010456 -0.004655 -0.023257 
0.042335 -0.021581 -0.073228 0.052406 0.032207 -0.044356 
0.002376 0.004121 0.006455 -0.009071 -0.028551 
-0.123680 0.021092 0.241534 -0.049933 
0.007641 -0.001349 -0.025213 
0.116868 -0.020587 
-0.013110 
