0.250000 0.000000 -0.336987 -0.000223 0.009176 0.000207 0.098138 0.000614 0.028383 -0.000813 -0.040532 -0.000552 -0.045577 0.001332 0.021578 -0.000051 0.037000 -0.001199 0.001802 0.000681 -0.035138 0.000448 -0.007231 -0.000981 0.017187 0.000757 
-0.000000 -0.000223 0.000160 0.000373 -0.000449 0.000078 0.000387 -0.000619 0.000219 0.000420 -0.000732 0.000422 0.000355 -0.000843 0.000609 0.000184 -0.000894 0.000813 -0.000011 -0.000847 0.001001 -0.000239 -0.000752 0.001116 -0.000496 
-0.547706 0.000079 0.709777 0.000426 0.039060 -0.000598 -0.240752 -0.001151 -0.085049 0.001748 0.103656 0.001085 0.110707 -0.002690 -0.046837 -0.000044 -0.095634 0.002416 -0.003711 -0.001105 0.083255 -0.000902 0.024614 0.001607 
-0.000032 0.000675 -0.000404 -0.001127 0.001281 -0.000236 -0.001150 0.001870 -0.000637 -0.001270 0.002201 -0.001274 -0.001082 0.002546 -0.001843 -0.000556 0.002715 -0.002458 0.000033 0.002558 -0.003030 0.000722 0.002264 
0.529158 -0.000323 -0.603481 -0.000199 -0.205784 0.000990 0.299297 0.000528 0.154448 -0.001573 -0.141173 -0.000684 -0.143319 0.001894 0.044393 0.000521 0.135753 -0.001663 0.005270 -0.000143 -0.101167 0.000630 
0.000139 -0.000992 0.000363 0.001656 -0.001664 0.000346 0.001645 -0.002748 0.000849 0.001866 -0.003197 0.001871 0.001623 -0.003740 0.002717 0.000817 -0.004033 0.003611 -0.000052 -0.003758 0.004468 
-0.336244 0.000692 0.238271 -0.000334 0.418939 -0.001342 -0.284378 0.000757 -0.244478 0.000723 0.155296 -0.000221 0.171034 0.000182 -0.027011 -0.001273 -0.167496 -0.000316 -0.013820 0.002519 
-0.000287 0.000949 0.000062 -0.001586 0.001193 -0.000331 -0.001529 0.002630 -0.000606 -0.001787 0.003003 -0.001792 -0.001656 0.003580 -0.002618 -0.000781 0.003961 -0.003457 0.000071 
0.085266 -0.001057 0.174767 0.000988 -0.555471 0.001461 0.176621 -0.002064 0.335144 0.000407 -0.128111 0.001111 -0.205761 -0.002556 0.002451 0.002061 0.185790 0.002652 
0.000354 -0.000483 -0.000656 0.000808 0.000026 0.000168 0.000789 -0.001340 -0.000126 0.000910 -0.001467 0.000913 0.001100 -0.001823 0.001366 0.000396 -0.002221 
0.111170 0.001252 -0.437415 -0.001494 0.516483 -0.001197 0.015146 0.002718 -0.391124 -0.001362 0.046568 -0.001451 0.247169 0.004150 0.027155 -0.002615 
-0.000204 -0.000287 0.001015 0.000478 -0.001471 0.000102 0.000298 -0.000793 0.001124 0.000538 -0.000943 0.000539 -0.000125 -0.001081 0.000701 
-0.185565 -0.001128 0.448296 0.001570 -0.290518 0.000561 -0.236105 -0.002285 0.374799 0.001767 0.083401 0.000924 -0.278622 -0.004196 
-0.000202 0.001097 -0.000829 -0.001831 0.002500 -0.000384 -0.001329 0.003036 -0.001970 -0.002062 0.003317 -0.002065 -0.000932 
0.137999 0.000629 -0.241023 -0.001041 -0.033041 0.000253 0.399501 0.000768 -0.265140 -0.001449 -0.231017 0.000410 
0.000729 -0.001633 0.000121 0.002726 -0.002687 0.000570 0.001960 -0.004520 0.002221 0.003071 -0.004676 
-0.025268 0.000166 -0.047115 -0.000059 0.308853 -0.000950 -0.427077 0.001379 0.074947 0.000497 
-0.001101 0.001653 0.000732 -0.002760 0.001999 -0.000576 -0.002016 0.004576 -0.001621 
-0.075916 -0.001042 0.256445 0.001435 -0.413436 0.001275 0.293795 -0.003420 
0.001044 -0.001086 -0.001211 0.001814 -0.000746 0.000378 0.001495 
0.110719 0.001701 -0.290149 -0.002601 0.311573 -0.001130 
-0.000457 0.000075 0.000987 -0.000125 -0.000643 
-0.071021 -0.001873 0.157997 0.003043 
-0.000482 0.001062 -0.000153 
-0.007768 0.001419 
0.001374 
